# frame number_objects obj1_id obj1_topleft_x obj1_topleft_y obj1_width obj1_height obj2_id ... 
0 1 0 265 247 32 110 
1 1 0 267 243 32 110 
2 1 0 265 238 32 110 
3 1 0 274 240 32 110 
4 1 0 276 257 32 110 
5 1 0 276 254 32 110 
6 1 0 276 251 32 110 
7 1 0 277 250 32 110 
8 1 0 277 250 32 110 
9 1 0 277 248 32 110 
10 1 0 277 247 32 110 
11 1 0 276 246 32 110 
12 1 0 278 247 32 110 
13 1 0 279 247 32 110 
14 1 0 278 247 32 110 
15 1 0 279 247 32 110 
16 1 0 281 248 32 110 
17 1 0 283 249 32 110 
18 1 0 286 251 32 110 
19 1 0 288 254 32 110 
20 1 0 289 258 32 110 
21 1 0 288 259 32 110 
22 1 0 288 259 32 110 
23 1 0 287 259 32 110 
24 1 0 285 257 32 110 
25 1 0 283 254 32 110 
26 1 0 283 251 32 110 
27 1 0 281 249 32 110 
28 1 0 280 246 32 110 
29 1 0 279 246 32 110 
30 1 0 278 247 32 110 
31 1 0 277 248 32 110 
32 1 0 277 250 32 110 
33 1 0 277 252 32 110 
34 1 0 277 252 32 110 
35 1 0 276 252 32 110 
36 1 0 276 252 32 110 
37 1 0 274 251 32 110 
38 1 0 272 251 32 110 
39 1 0 271 252 32 110 
40 1 0 269 253 32 110 
41 1 0 268 255 32 110 
42 1 0 265 258 32 110 
43 1 0 264 261 32 110 
44 1 0 263 264 32 110 
45 1 0 262 265 32 110 
46 1 0 262 264 32 110 
47 1 0 264 263 32 110 
48 1 0 266 262 32 110 
49 1 0 266 260 32 110 
50 1 0 267 257 32 110 
51 1 0 268 257 32 110 
52 1 0 267 258 32 110 
53 1 0 267 259 32 110 
54 1 0 267 261 32 110 
55 1 0 268 263 32 110 
56 1 0 268 264 32 110 
57 1 0 268 266 32 110 
58 1 0 269 267 32 110 
59 1 0 269 267 32 110 
60 1 0 270 267 32 110 
61 1 0 270 267 32 110 
62 1 0 271 268 32 110 
63 1 0 272 268 32 110 
64 1 0 273 269 32 110 
65 1 0 273 270 32 110 
66 1 0 273 271 32 110 
67 1 0 272 273 32 110 
68 1 0 269 272 32 110 
69 1 0 266 270 32 110 
70 1 0 263 270 32 110 
71 1 0 261 268 32 110 
72 1 0 260 266 32 110 
73 1 0 261 263 32 110 
74 1 0 261 261 32 110 
75 1 0 263 260 32 110 
76 1 0 264 258 32 110 
77 1 0 266 256 32 110 
78 1 0 267 253 32 110 
79 1 0 268 250 32 110 
80 1 0 267 249 32 110 
81 1 0 267 247 32 110 
82 1 0 265 246 32 110 
83 1 0 261 246 32 110 
84 1 0 260 246 32 110 
85 1 0 259 244 32 110 
86 1 0 256 243 32 110 
87 1 0 256 242 32 110 
88 1 0 259 242 32 110 
89 1 0 260 241 32 110 
90 1 0 257 239 32 110 
91 1 0 257 237 32 110 
92 1 0 257 236 32 110 
93 1 0 257 236 32 110 
94 1 0 258 235 32 110 
95 1 0 260 235 32 110 
96 1 0 263 236 32 110 
97 1 0 266 237 32 110 
98 1 0 269 238 32 110 
99 1 0 271 237 32 110 
100 1 0 273 236 32 110 
101 1 0 276 237 32 110 
102 1 0 280 238 32 110 
103 1 0 283 238 32 110 
104 1 0 284 239 32 110 
105 1 0 286 238 32 110 
106 1 0 287 238 32 110 
107 1 0 288 239 32 110 
108 1 0 288 239 32 110 
109 1 0 288 239 32 110 
110 1 0 287 239 32 110 
111 1 0 287 241 32 110 
112 1 0 287 241 32 110 
113 1 0 287 243 32 110 
114 1 0 287 243 32 110 
115 1 0 287 244 32 110 
116 1 0 286 246 32 110 
117 1 0 288 248 32 110 
118 1 0 289 249 32 110 
119 1 0 292 248 32 110 
120 1 0 295 246 32 110 
121 1 0 299 243 32 110 
122 1 0 302 239 32 110 
123 1 0 304 237 32 110 
124 1 0 307 236 32 110 
125 1 0 310 237 32 110 
126 1 0 311 239 32 110 
127 1 0 314 242 32 110 
128 1 0 314 244 32 110 
129 1 0 315 247 32 110 
130 1 0 314 250 32 110 
131 1 0 313 251 32 110 
132 1 0 311 252 32 110 
133 1 0 310 252 32 110 
134 1 0 308 251 32 110 
135 1 0 304 247 32 110 
136 1 0 301 242 32 110 
137 1 0 298 237 32 110 
138 1 0 297 233 32 110 
139 1 0 295 231 32 110 
140 1 0 292 229 32 110 
141 1 0 290 226 32 110 
142 1 0 289 224 32 110 
143 1 0 287 222 32 110 
144 1 0 286 222 32 110 
145 1 0 286 222 32 110 
146 1 0 285 222 32 110 
147 1 0 283 222 32 110 
148 1 0 282 222 32 110 
149 1 0 282 221 32 110 
150 1 0 281 219 32 110 
151 1 0 281 218 32 110 
152 1 0 283 219 32 110 
153 1 0 282 218 32 110 
154 1 0 283 215 32 110 
155 1 0 283 215 32 110 
156 1 0 283 215 32 110 
157 1 0 283 215 32 110 
158 1 0 282 213 32 110 
159 1 0 280 212 32 110 
160 1 0 277 212 32 110 
161 1 0 274 209 32 110 
162 1 0 271 208 32 110 
163 1 0 268 205 32 110 
164 1 0 265 203 32 110 
165 1 0 263 202 32 110 
166 1 0 260 199 32 110 
167 1 0 259 199 32 110 
168 1 0 258 198 32 110 
169 1 0 255 197 32 110 
170 1 0 254 194 32 110 
171 1 0 254 193 32 110 
172 1 0 254 195 32 110 
173 1 0 254 196 32 110 
174 1 0 255 196 32 110 
175 1 0 255 197 32 110 
176 1 0 258 198 32 110 
177 1 0 260 197 32 110 
178 1 0 263 196 32 110 
179 1 0 266 197 32 110 
180 1 0 269 197 32 110 
181 1 0 271 199 32 110 
182 1 0 272 199 32 110 
183 1 0 273 199 32 110 
184 1 0 273 198 32 110 
185 1 0 274 197 32 110 
186 1 0 276 197 32 110 
187 1 0 276 196 32 110 
188 1 0 276 196 32 110 
189 1 0 277 197 32 110 
190 1 0 276 200 32 110 
191 1 0 276 202 32 110 
192 1 0 276 204 32 110 
193 1 0 275 205 32 110 
194 1 0 273 208 32 110 
195 1 0 273 209 32 110 
196 1 0 274 210 32 110 
197 1 0 276 209 32 110 
198 1 0 278 209 32 110 
199 1 0 280 208 32 110 
200 1 0 283 208 32 110 
201 1 0 286 205 32 110 
202 1 0 289 203 32 110 
203 1 0 292 201 32 110 
204 1 0 294 198 32 110 
205 1 0 297 196 32 110 
206 1 0 299 195 32 110 
207 1 0 303 195 32 110 
208 1 0 306 194 32 110 
209 1 0 310 193 32 110 
210 1 0 312 193 32 110 
211 1 0 313 193 32 110 
212 1 0 316 195 32 110 
213 1 0 319 195 32 110 
214 1 0 321 195 32 110 
215 1 0 324 196 32 110 
216 1 0 326 197 32 110 
217 1 0 328 198 32 110 
218 1 0 329 199 32 110 
219 1 0 330 200 32 110 
220 1 0 330 200 32 110 
221 1 0 331 202 32 110 
222 1 0 331 202 32 110 
223 1 0 332 202 32 110 
224 1 0 334 202 32 110 
225 1 0 337 202 32 110 
226 1 0 339 203 32 110 
227 1 0 341 202 32 110 
228 1 0 344 199 32 110 
229 1 0 345 199 32 110 
230 1 0 346 195 32 110 
231 1 0 348 196 32 110 
232 1 0 350 196 32 110 
233 1 0 352 197 32 110 
234 1 0 352 198 32 110 
235 1 0 351 198 32 110 
236 1 0 351 200 32 110 
237 1 0 350 202 32 110 
238 1 0 348 204 32 110 
239 1 0 346 208 32 110 
240 1 0 345 211 32 110 
241 1 0 345 213 32 110 
242 1 0 344 214 32 110 
243 1 0 346 218 32 110 
244 1 0 346 221 32 110 
245 1 0 348 222 32 110 
246 1 0 349 224 32 110 
247 1 0 350 223 32 110 
248 1 0 352 223 32 110 
249 1 0 354 222 32 110 
250 1 0 356 221 32 110 
251 1 0 358 218 32 110 
252 1 0 360 217 32 110 
253 1 0 363 215 32 110 
254 1 0 366 215 32 110 
255 1 0 368 215 32 110 
256 1 0 370 215 32 110 
257 1 0 372 214 32 110 
258 1 0 375 213 32 110 
259 1 0 375 213 32 110 
260 1 0 376 213 32 110 
261 1 0 376 213 32 110 
262 1 0 376 213 32 110 
263 1 0 376 213 32 110 
264 1 0 376 213 32 110 
265 1 0 375 213 32 110 
266 1 0 374 212 32 110 
267 1 0 373 212 32 110 
268 1 0 372 212 32 110 
269 1 0 371 213 32 110 
270 1 0 370 213 32 110 
271 1 0 370 214 32 110 
272 1 0 370 214 32 110 
273 1 0 370 215 32 110 
274 1 0 370 215 32 110 
275 1 0 370 216 32 110 
276 1 0 370 217 32 110 
277 1 0 370 216 32 110 
278 1 0 370 216 32 110 
279 1 0 371 215 32 110 
280 1 0 371 215 32 110 
281 1 0 371 216 32 110 
282 1 0 371 217 32 110 
283 1 0 371 220 32 110 
284 1 0 371 222 32 110 
285 1 0 370 224 32 110 
286 1 0 369 225 32 110 
287 1 0 368 226 32 110 
288 1 0 366 226 32 110 
289 1 0 366 225 32 110 
290 1 0 365 223 32 110 
291 1 0 363 221 32 110 
292 1 0 362 220 32 110 
293 1 0 361 218 32 110 
294 1 0 359 216 32 110 
295 1 0 357 214 32 110 
296 1 0 356 212 32 110 
297 1 0 354 211 32 110 
298 1 0 354 211 32 110 
299 1 0 352 210 32 110 
300 1 0 350 211 32 110 
301 1 0 349 212 32 110 
302 1 0 348 214 32 110 
303 1 0 348 216 32 110 
304 1 0 348 220 32 110 
305 1 0 348 223 32 110 
306 1 0 349 226 32 110 
307 1 0 349 230 32 110 
308 1 0 349 234 32 110 
309 1 0 351 238 32 110 
310 1 0 352 240 32 110 
311 1 0 353 242 32 110 
312 1 0 354 243 32 110 
313 1 0 355 243 32 110 
314 1 0 356 243 32 110 
315 1 0 356 243 32 110 
316 1 0 356 243 32 110 
317 1 0 356 244 32 110 
318 1 0 356 245 32 110 
319 1 0 356 246 32 110 
320 1 0 355 247 32 110 
321 1 0 353 248 32 110 
322 1 0 353 248 32 110 
323 1 0 351 248 32 110 
324 1 0 350 248 32 110 
325 1 0 349 248 32 110 
326 1 0 346 246 32 110 
327 1 0 345 245 32 110 
328 1 0 343 244 32 110 
329 1 0 341 243 32 110 
330 1 0 339 243 32 110 
331 1 0 337 244 32 110 
332 1 0 334 244 32 110 
333 1 0 332 244 32 110 
334 1 0 329 244 32 110 
335 1 0 326 243 32 110 
336 1 0 323 242 32 110 
337 1 0 319 243 32 110 
338 1 0 317 243 32 110 
339 1 0 317 244 32 110 
340 1 0 313 245 32 110 
341 1 0 310 243 32 110 
342 1 0 309 242 32 110 
343 1 0 306 241 32 110 
344 1 0 302 239 32 110 
345 1 0 300 238 32 110 
346 1 0 297 237 32 110 
347 1 0 295 235 32 110 
348 1 0 293 235 32 110 
349 1 0 291 234 32 110 
350 1 0 291 232 32 110 
351 1 0 292 230 32 110 
352 1 0 290 226 32 110 
353 1 0 290 221 32 110 
354 1 0 290 217 32 110 
355 1 0 290 212 32 110 
356 1 0 291 211 32 110 
357 1 0 292 209 32 110 
358 1 0 293 207 32 110 
359 1 0 295 207 32 110 
360 1 0 295 208 32 110 
361 1 0 296 211 32 110 
362 1 0 297 215 32 110 
363 1 0 298 220 32 110 
364 1 0 301 227 32 110 
365 1 0 302 234 32 110 
366 1 0 303 238 32 110 
367 1 0 305 242 32 110 
368 1 0 306 241 32 110 
369 1 0 306 239 32 110 
370 1 0 308 234 32 110 
371 1 0 310 232 32 110 
372 1 0 312 232 32 110 
373 1 0 311 232 32 110 
374 1 0 310 234 32 110 
375 1 0 310 236 32 110 
376 1 0 310 239 32 110 
377 1 0 310 243 32 110 
378 1 0 310 247 32 110 
379 1 0 310 250 32 110 
380 1 0 310 252 32 110 
381 1 0 310 253 32 110 
382 1 0 310 252 32 110 
383 1 0 309 249 32 110 
384 1 0 310 247 32 110 
385 1 0 309 243 32 110 
386 1 0 308 239 32 110 
387 1 0 308 233 32 110 
388 1 0 306 229 32 110 
389 1 0 306 225 32 110 
390 1 0 306 222 32 110 
391 1 0 306 220 32 110 
392 1 0 305 219 32 110 
393 1 0 305 218 32 110 
394 1 0 303 218 32 110 
395 1 0 304 219 32 110 
396 1 0 303 221 32 110 
397 1 0 303 224 32 110 
398 1 0 303 230 32 110 
399 1 0 303 232 32 110 
400 1 0 303 233 32 110 
401 1 0 303 233 32 110 
402 1 0 301 233 32 110 
403 1 0 301 233 32 110 
404 1 0 300 235 32 110 
405 1 0 297 234 32 110 
406 1 0 295 234 32 110 
407 1 0 294 233 32 110 
408 1 0 294 233 32 110 
409 1 0 295 230 32 110 
410 1 0 295 227 32 110 
411 1 0 296 224 32 110 
412 1 0 296 220 32 110 
413 1 0 296 217 32 110 
414 1 0 297 216 32 110 
415 1 0 298 214 32 110 
416 1 0 299 212 32 110 
417 1 0 300 212 32 110 
418 1 0 301 211 32 110 
419 1 0 301 212 32 110 
420 1 0 301 213 32 110 
421 1 0 302 213 32 110 
422 1 0 303 213 32 110 
423 1 0 303 214 32 110 
424 1 0 304 215 32 110 
425 1 0 304 216 32 110 
426 1 0 304 218 32 110 
427 1 0 303 219 32 110 
428 1 0 302 221 32 110 
429 1 0 302 223 32 110 
430 1 0 301 223 32 110 
431 1 0 301 223 32 110 
432 1 0 301 223 32 110 
433 1 0 301 222 32 110 
434 1 0 301 221 32 110 
435 1 0 301 219 32 110 
436 1 0 301 217 32 110 
437 1 0 301 214 32 110 
438 1 0 302 212 32 110 
439 1 0 302 210 32 110 
440 1 0 302 208 32 110 
441 1 0 302 208 32 110 
442 1 0 302 207 32 110 
443 1 0 302 205 32 110 
444 1 0 302 204 32 110 
445 1 0 302 204 32 110 
446 1 0 302 203 32 110 
447 1 0 302 202 32 110 
448 1 0 302 202 32 110 
449 1 0 304 202 32 110 
450 1 0 305 202 32 110 
451 1 0 305 201 32 110 
452 1 0 307 198 32 110 
453 1 0 308 196 32 110 
454 1 0 308 192 32 110 
455 1 0 308 189 32 110 
456 1 0 310 185 32 110 
457 1 0 311 181 32 110 
458 1 0 311 178 32 110 
459 1 0 312 177 32 110 
460 1 0 312 177 32 110 
461 1 0 312 177 32 110 
462 1 0 313 177 32 110 
463 1 0 312 177 32 110 
464 1 0 311 178 32 110 
465 1 0 312 180 32 110 
466 1 0 312 182 32 110 
467 1 0 311 183 32 110 
468 1 0 310 184 32 110 
469 1 0 310 186 32 110 
470 1 0 310 188 32 110 
471 1 0 311 188 32 110 
472 1 0 312 192 32 110 
473 1 0 312 193 32 110 
474 1 0 313 194 32 110 
475 1 0 313 195 32 110 
476 1 0 314 196 32 110 
477 1 0 315 194 32 110 
478 1 0 316 193 32 110 
479 1 0 316 193 32 110 
480 1 0 317 192 32 110 
481 1 0 317 192 32 110 
482 1 0 317 192 32 110 
483 1 0 317 192 32 110 
484 1 0 317 193 32 110 
485 1 0 316 194 32 110 
486 1 0 316 195 32 110 
487 1 0 316 197 32 110 
488 1 0 316 199 32 110 
489 1 0 316 200 32 110 
490 1 0 316 203 32 110 
491 1 0 316 204 32 110 
492 1 0 316 205 32 110 
493 1 0 316 205 32 110 
494 1 0 315 206 32 110 
495 1 0 315 207 32 110 
496 1 0 315 207 32 110 
497 1 0 315 207 32 110 
498 1 0 316 207 32 110 
499 1 0 316 207 32 110 
500 1 0 316 206 32 110 
501 1 0 317 207 32 110 
502 1 0 319 207 32 110 
503 1 0 320 207 32 110 
504 1 0 320 206 32 110 
505 1 0 321 205 32 110 
506 1 0 322 205 32 110 
507 1 0 322 205 32 110 
508 1 0 323 204 32 110 
509 1 0 322 203 32 110 
510 1 0 325 202 32 110 
511 1 0 326 202 32 110 
512 1 0 328 202 32 110 
513 1 0 328 202 32 110 
514 1 0 326 200 32 110 
515 1 0 323 200 32 110 
516 1 0 320 198 32 110 
517 1 0 317 197 32 110 
518 1 0 315 197 32 110 
519 1 0 313 195 32 110 
520 1 0 311 195 32 110 
521 1 0 310 194 32 110 
522 1 0 310 192 32 110 
523 1 0 311 191 32 110 
524 1 0 312 191 32 110 
525 1 0 313 188 32 110 
526 1 0 317 187 32 110 
527 1 0 320 186 32 110 
528 1 0 321 186 32 110 
529 1 0 326 184 32 110 
530 1 0 332 183 32 110 
531 1 0 335 183 32 110 
532 1 0 338 183 32 110 
533 1 0 340 183 32 110 
534 1 0 340 184 32 110 
535 1 0 338 184 32 110 
536 1 0 339 185 32 110 
537 1 0 338 185 32 110 
538 1 0 336 186 32 110 
539 1 0 335 186 32 110 
540 1 0 333 186 32 110 
541 1 0 332 186 32 110 
542 1 0 332 184 32 110 
543 1 0 331 182 32 110 
544 1 0 330 180 32 110 
545 1 0 328 179 32 110 
546 1 0 328 180 32 110 
547 1 0 327 181 32 110 
548 1 0 326 182 32 110 
549 1 0 326 181 32 110 
550 1 0 326 182 32 110 
551 1 0 326 183 32 110 
552 1 0 326 184 32 110 
553 1 0 326 185 32 110 
554 1 0 326 187 32 110 
555 1 0 326 188 32 110 
556 1 0 326 189 32 110 
557 1 0 327 191 32 110 
558 1 0 328 192 32 110 
559 1 0 328 193 32 110 
560 1 0 329 195 32 110 
561 1 0 330 196 32 110 
562 1 0 329 198 32 110 
563 1 0 330 198 32 110 
564 1 0 330 198 32 110 
565 1 0 331 198 32 110 
566 1 0 330 199 32 110 
567 1 0 330 200 32 110 
568 1 0 331 201 32 110 
569 1 0 331 202 32 110 
570 1 0 333 202 32 110 
571 1 0 333 203 32 110 
572 1 0 333 202 32 110 
573 1 0 334 202 32 110 
574 1 0 335 202 32 110 
575 1 0 335 202 32 110 
576 1 0 335 204 32 110 
577 1 0 335 205 32 110 
578 1 0 336 205 32 110 
579 1 0 336 206 32 110 
580 1 0 336 207 32 110 
581 1 0 336 208 32 110 
582 1 0 336 206 32 110 
583 1 0 336 207 32 110 
584 1 0 336 208 32 110 
585 1 0 335 209 32 110 
586 1 0 335 209 32 110 
587 1 0 336 206 32 110 
588 1 0 336 203 32 110 
589 1 0 337 202 32 110 
590 1 0 338 200 32 110 
591 1 0 338 201 32 110 
592 1 0 339 203 32 110 
593 1 0 339 205 32 110 
594 1 0 339 206 32 110 
595 1 0 340 208 32 110 
596 1 0 341 209 32 110 
597 1 0 342 208 32 110 
598 1 0 344 208 32 110 
599 1 0 345 208 32 110 
600 1 0 346 208 32 110 
601 1 0 348 208 32 110 
602 1 0 349 209 32 110 
603 1 0 351 209 32 110 
604 1 0 352 210 32 110 
605 1 0 353 212 32 110 
606 1 0 355 212 32 110 
607 1 0 355 214 32 110 
608 1 0 356 215 32 110 
609 1 0 356 216 32 110 
610 1 0 356 216 32 110 
611 1 0 358 217 32 110 
612 1 0 358 218 32 110 
613 1 0 357 218 32 110 
614 1 0 357 217 32 110 
615 1 0 355 215 32 110 
616 1 0 355 213 32 110 
617 1 0 355 210 32 110 
618 1 0 355 209 32 110 
619 1 0 354 208 32 110 
620 1 0 354 209 32 110 
621 1 0 354 210 32 110 
622 1 0 353 211 32 110 
623 1 0 351 212 32 110 
624 1 0 351 213 32 110 
625 1 0 349 214 32 110 
626 1 0 348 214 32 110 
627 1 0 346 214 32 110 
628 1 0 345 215 32 110 
629 1 0 343 215 32 110 
630 1 0 341 215 32 110 
631 1 0 340 216 32 110 
632 1 0 338 215 32 110 
633 1 0 337 214 32 110 
634 1 0 337 213 32 110 
635 1 0 336 213 32 110 
636 1 0 335 213 32 110 
637 1 0 334 214 32 110 
638 1 0 334 214 32 110 
639 1 0 333 215 32 110 
640 1 0 333 216 32 110 
641 1 0 332 218 32 110 
642 1 0 332 218 32 110 
643 1 0 331 220 32 110 
644 1 0 330 223 32 110 
645 1 0 329 223 32 110 
646 1 0 327 225 32 110 
647 1 0 327 226 32 110 
648 1 0 327 228 32 110 
649 1 0 327 228 32 110 
650 1 0 326 229 32 110 
651 1 0 326 230 32 110 
652 1 0 327 230 32 110 
653 1 0 328 231 32 110 
654 1 0 329 231 32 110 
655 1 0 330 231 32 110 
656 1 0 332 231 32 110 
657 1 0 334 232 32 110 
658 1 0 335 232 32 110 
659 1 0 337 235 32 110 
660 1 0 339 236 32 110 
661 1 0 342 237 32 110 
662 1 0 345 238 32 110 
663 1 0 349 240 32 110 
664 1 0 353 240 32 110 
665 1 0 356 241 32 110 
666 1 0 360 243 32 110 
667 1 0 363 244 32 110 
668 1 0 366 246 32 110 
669 1 0 368 246 32 110 
670 1 0 371 247 32 110 
671 1 0 375 249 32 110 
672 1 0 377 250 32 110 
673 1 0 379 251 32 110 
674 1 0 381 252 32 110 
675 1 0 382 252 32 110 
676 1 0 384 252 32 110 
677 1 0 386 253 32 110 
678 1 0 390 253 32 110 
679 1 0 394 252 32 110 
680 1 0 402 253 32 110 
681 1 0 405 252 32 110 
682 1 0 408 249 32 110 
683 1 0 410 249 32 110 
684 1 0 411 249 32 110 
685 1 0 411 246 32 110 
686 1 0 412 245 32 110 
687 1 0 413 243 32 110 
688 1 0 415 242 32 110 
689 1 0 415 241 32 110 
690 1 0 416 242 32 110 
691 1 0 416 242 32 110 
692 1 0 417 242 32 110 
693 1 0 417 242 32 110 
694 1 0 416 242 32 110 
695 1 0 416 241 32 110 
696 1 0 415 242 32 110 
697 1 0 415 243 32 110 
698 1 0 415 243 32 110 
699 1 0 415 243 32 110 
700 1 0 415 243 32 110 
701 1 0 415 243 32 110 
702 1 0 415 243 32 110 
703 1 0 414 243 32 110 
704 1 0 414 244 32 110 
705 1 0 414 246 32 110 
706 1 0 414 245 32 110 
707 1 0 414 246 32 110 
708 1 0 414 246 32 110 
709 1 0 414 245 32 110 
710 1 0 415 245 32 110 
711 1 0 417 245 32 110 
712 1 0 418 246 32 110 
713 1 0 419 246 32 110 
714 1 0 421 246 32 110 
715 1 0 421 246 32 110 
716 1 0 422 246 32 110 
717 1 0 423 247 32 110 
718 1 0 423 247 32 110 
719 1 0 423 248 32 110 
720 1 0 423 248 32 110 
721 1 0 424 249 32 110 
722 1 0 424 249 32 110 
723 1 0 424 249 32 110 
724 1 0 424 248 32 110 
725 1 0 425 246 32 110 
726 1 0 425 245 32 110 
727 1 0 425 245 32 110 
728 1 0 425 247 32 110 
729 1 0 427 249 32 110 
730 1 0 428 251 32 110 
731 1 0 428 254 32 110 
732 1 0 427 255 32 110 
733 1 0 428 259 32 110 
734 1 0 428 260 32 110 
735 1 0 428 262 32 110 
736 1 0 428 262 32 110 
737 1 0 428 263 32 110 
738 1 0 428 264 32 110 
739 1 0 428 265 32 110 
740 1 0 428 266 32 110 
741 1 0 427 267 32 110 
742 1 0 425 268 32 110 
743 1 0 425 268 32 110 
744 1 0 425 269 32 110 
745 1 0 424 270 32 110 
746 1 0 423 271 32 110 
747 1 0 423 272 32 110 
748 1 0 423 274 32 110 
749 1 0 423 275 32 110 
750 1 0 423 277 32 110 
751 1 0 422 278 32 110 
752 1 0 422 280 32 110 
753 1 0 421 282 32 110 
754 1 0 421 283 32 110 
755 1 0 420 285 32 110 
756 1 0 420 287 32 110 
757 1 0 420 286 32 110 
758 1 0 418 287 32 110 
759 1 0 418 287 32 110 
760 1 0 416 287 32 110 
761 1 0 415 288 32 110 
762 1 0 415 289 32 110 
763 1 0 414 289 32 110 
764 1 0 414 290 32 110 
765 1 0 413 291 32 110 
766 1 0 411 293 32 110 
767 1 0 411 294 32 110 
768 1 0 411 294 32 110 
769 1 0 410 294 32 110 
770 1 0 409 294 32 110 
771 1 0 409 294 32 110 
772 1 0 408 293 32 110 
773 1 0 408 291 32 110 
774 1 0 408 291 32 110 
775 1 0 408 290 32 110 
776 1 0 408 290 32 110 
777 1 0 408 290 32 110 
778 1 0 408 291 32 110 
779 1 0 408 292 32 110 
780 1 0 408 293 32 110 
781 1 0 408 295 32 110 
782 1 0 408 296 32 110 
783 1 0 408 297 32 110 
784 1 0 408 298 32 110 
785 1 0 408 298 32 110 
786 1 0 409 297 32 110 
787 1 0 409 295 32 110 
788 1 0 411 294 32 110 
789 1 0 411 291 32 110 
790 1 0 411 289 32 110 
791 1 0 412 286 32 110 
792 1 0 412 284 32 110 
793 1 0 413 281 32 110 
794 1 0 414 281 32 110 
795 1 0 414 282 32 110 
796 1 0 416 282 32 110 
797 1 0 416 283 32 110 
798 1 0 416 283 32 110 
799 1 0 417 284 32 110 
800 1 0 415 284 32 110 
801 1 0 415 284 32 110 
802 1 0 414 285 32 110 
803 1 0 412 285 32 110 
804 1 0 410 284 32 110 
805 1 0 409 283 32 110 
806 1 0 408 282 32 110 
807 1 0 406 280 32 110 
808 1 0 405 279 32 110 
809 1 0 405 280 32 110 
810 1 0 405 282 32 110 
811 1 0 404 285 32 110 
812 1 0 402 286 32 110 
813 1 0 402 287 32 110 
814 1 0 402 287 32 110 
815 1 0 402 288 32 110 
816 1 0 401 289 32 110 
817 1 0 399 289 32 110 
818 1 0 399 291 32 110 
819 1 0 397 292 32 110 
820 1 0 397 292 32 110 
821 1 0 396 292 32 110 
822 1 0 396 291 32 110 
823 1 0 394 289 32 110 
824 1 0 392 285 32 110 
825 1 0 390 281 32 110 
826 1 0 389 277 32 110 
827 1 0 387 273 32 110 
828 1 0 385 271 32 110 
829 1 0 384 269 32 110 
830 1 0 382 267 32 110 
831 1 0 380 266 32 110 
832 1 0 377 265 32 110 
833 1 0 374 264 32 110 
834 1 0 370 262 32 110 
835 1 0 366 261 32 110 
836 1 0 362 259 32 110 
837 1 0 358 258 32 110 
838 1 0 356 258 32 110 
839 1 0 354 257 32 110 
840 1 0 351 257 32 110 
841 1 0 348 255 32 110 
842 1 0 346 255 32 110 
843 1 0 343 253 32 110 
844 1 0 341 252 32 110 
845 1 0 339 251 32 110 
846 1 0 336 250 32 110 
847 1 0 334 248 32 110 
848 1 0 332 247 32 110 
849 1 0 329 246 32 110 
850 1 0 327 246 32 110 
851 1 0 325 245 32 110 
852 1 0 323 243 32 110 
853 1 0 321 243 32 110 
854 1 0 319 241 32 110 
855 1 0 318 240 32 110 
856 1 0 317 240 32 110 
857 1 0 314 238 32 110 
858 1 0 312 238 32 110 
859 1 0 310 238 32 110 
860 1 0 308 239 32 110 
861 1 0 306 241 32 110 
862 1 0 303 242 32 110 
863 1 0 299 244 32 110 
864 1 0 297 246 32 110 
865 1 0 295 247 32 110 
866 1 0 292 248 32 110 
867 1 0 290 247 32 110 
868 1 0 287 246 32 110 
869 1 0 284 246 32 110 
870 1 0 283 245 32 110 
871 1 0 281 243 32 110 
872 1 0 280 242 32 110 
873 1 0 277 241 32 110 
874 1 0 275 239 32 110 
875 1 0 273 237 32 110 
876 1 0 272 235 32 110 
877 1 0 272 233 32 110 
878 1 0 271 232 32 110 
879 1 0 270 232 32 110 
880 1 0 271 232 32 110 
881 1 0 272 232 32 110 
882 1 0 273 232 32 110 
883 1 0 274 233 32 110 
884 1 0 274 233 32 110 
885 1 0 274 233 32 110 
886 1 0 274 234 32 110 
887 1 0 274 233 32 110 
888 1 0 274 234 32 110 
889 1 0 274 233 32 110 
890 1 0 275 232 32 110 
891 1 0 274 231 32 110 
892 1 0 274 229 32 110 
893 1 0 274 225 32 110 
894 1 0 274 222 32 110 
895 1 0 276 220 32 110 
896 1 0 276 218 32 110 
897 1 0 277 215 32 110 
898 1 0 276 213 32 110 
899 1 0 276 211 32 110 
900 1 0 278 210 32 110 
901 1 0 278 208 32 110 
902 1 0 278 207 32 110 
903 1 0 277 205 32 110 
904 1 0 277 204 32 110 
905 1 0 277 202 32 110 
906 1 0 277 200 32 110 
907 1 0 277 198 32 110 
908 1 0 276 196 32 110 
909 1 0 275 196 32 110 
910 1 0 275 196 32 110 
911 1 0 273 196 32 110 
912 1 0 271 195 32 110 
913 1 0 269 196 32 110 
914 1 0 266 198 32 110 
915 1 0 263 201 32 110 
916 1 0 260 203 32 110 
917 1 0 258 207 32 110 
918 1 0 257 208 32 110 
919 1 0 257 207 32 110 
920 1 0 256 207 32 110 
921 1 0 254 203 32 110 
922 1 0 254 201 32 110 
923 1 0 253 199 32 110 
924 1 0 252 197 32 110 
925 1 0 252 197 32 110 
926 1 0 252 197 32 110 
927 1 0 251 197 32 110 
928 1 0 250 195 32 110 
929 1 0 249 194 32 110 
930 1 0 248 194 32 110 
931 1 0 247 196 32 110 
932 1 0 245 198 32 110 
933 1 0 244 203 32 110 
934 1 0 242 209 32 110 
935 1 0 241 214 32 110 
936 1 0 241 219 32 110 
937 1 0 237 222 32 110 
938 1 0 236 223 32 110 
939 1 0 233 225 32 110 
940 1 0 231 225 32 110 
941 1 0 229 225 32 110 
942 1 0 228 224 32 110 
943 1 0 227 222 32 110 
944 1 0 228 219 32 110 
945 1 0 230 218 32 110 
946 1 0 231 215 32 110 
947 1 0 233 213 32 110 
948 1 0 236 211 32 110 
949 1 0 239 210 32 110 
950 1 0 241 208 32 110 
951 1 0 244 208 32 110 
952 1 0 246 208 32 110 
953 1 0 247 209 32 110 
954 1 0 248 210 32 110 
955 1 0 255 210 32 110 
956 1 0 259 212 32 110 
957 1 0 263 213 32 110 
958 1 0 266 213 32 110 
959 1 0 270 212 32 110 
960 1 0 273 212 32 110 
961 1 0 277 211 32 110 
962 1 0 281 211 32 110 
963 1 0 283 210 32 110 
964 1 0 286 210 32 110 
965 1 0 289 211 32 110 
966 1 0 290 213 32 110 
967 1 0 291 218 32 110 
968 1 0 291 222 32 110 
969 1 0 292 227 32 110 
970 1 0 293 231 32 110 
971 1 0 295 233 32 110 
972 1 0 296 234 32 110 
973 1 0 296 233 32 110 
974 1 0 297 232 32 110 
975 1 0 299 228 32 110 
976 1 0 301 225 32 110 
977 1 0 303 223 32 110 
978 1 0 307 222 32 110 
979 1 0 310 222 32 110 
980 1 0 309 221 32 110 
981 1 0 310 222 32 110 
982 1 0 311 224 32 110 
983 1 0 313 226 32 110 
984 1 0 314 226 32 110 
985 1 0 316 225 32 110 
986 1 0 318 224 32 110 
987 1 0 319 222 32 110 
988 1 0 320 223 32 110 
989 1 0 320 223 32 110 
990 1 0 320 222 32 110 
991 1 0 318 222 32 110 
992 1 0 316 222 32 110 
993 1 0 313 224 32 110 
994 1 0 310 228 32 110 
995 1 0 306 230 32 110 
996 1 0 304 233 32 110 
997 1 0 301 236 32 110 
998 1 0 299 239 32 110 
999 1 0 298 239 32 110 
1000 1 0 298 238 32 110 
1001 1 0 298 237 32 110 
1002 1 0 298 235 32 110 
1003 1 0 297 233 32 110 
1004 1 0 297 231 32 110 
1005 1 0 298 231 32 110 
1006 1 0 299 230 32 110 
1007 1 0 300 231 32 110 
1008 1 0 301 232 32 110 
1009 1 0 300 232 32 110 
1010 1 0 301 233 32 110 
1011 1 0 302 233 32 110 
1012 1 0 301 235 32 110 
1013 1 0 300 235 32 110 
1014 1 0 300 237 32 110 
1015 1 0 300 237 32 110 
1016 1 0 300 238 32 110 
1017 1 0 300 238 32 110 
1018 1 0 299 237 32 110 
1019 1 0 300 236 32 110 
1020 1 0 300 235 32 110 
1021 1 0 299 235 32 110 
1022 1 0 297 237 32 110 
1023 1 0 296 239 32 110 
1024 1 0 295 242 32 110 
1025 1 0 292 245 32 110 
1026 1 0 291 246 32 110 
1027 1 0 290 248 32 110 
1028 1 0 288 249 32 110 
1029 1 0 288 249 32 110 
1030 1 0 288 250 32 110 
1031 1 0 288 248 32 110 
1032 1 0 289 246 32 110 
1033 1 0 290 244 32 110 
1034 1 0 290 243 32 110 
1035 1 0 290 242 32 110 
1036 1 0 291 242 32 110 
1037 1 0 291 242 32 110 
1038 1 0 291 242 32 110 
1039 1 0 291 242 32 110 
1040 1 0 292 241 32 110 
1041 1 0 294 241 32 110 
1042 1 0 293 241 32 110 
1043 1 0 295 242 32 110 
1044 1 0 295 243 32 110 
1045 1 0 295 243 32 110 
1046 1 0 295 245 32 110 
1047 1 0 294 244 32 110 
1048 1 0 295 244 32 110 
1049 1 0 292 244 32 110 
1050 1 0 291 244 32 110 
1051 1 0 290 244 32 110 
1052 1 0 289 244 32 110 
1053 1 0 287 243 32 110 
1054 1 0 286 243 32 110 
1055 1 0 286 243 32 110 